2-20 writers, 1 minute write interval, 24 hour duration
Average number of collisions
                                             avg_collisions  min_collisions  max_collisions
writers period_ms period_var_ms duration_ms
2       60000     3000.0        86400000              0.026               0               1
3       60000     3000.0        86400000              0.083               0               2
4       60000     3000.0        86400000              0.138               0               2
5       60000     3000.0        86400000              0.247               0               2
6       60000     3000.0        86400000              0.361               0               4
7       60000     3000.0        86400000              0.494               0               4
8       60000     3000.0        86400000              0.694               0               5
9       60000     3000.0        86400000              0.919               0               5
10      60000     3000.0        86400000              1.077               0               6
11      60000     3000.0        86400000              1.284               0               7
12      60000     3000.0        86400000              1.536               0               6
13      60000     3000.0        86400000              1.868               0               6
14      60000     3000.0        86400000              2.151               0               8
15      60000     3000.0        86400000              2.416               0               9
16      60000     3000.0        86400000              2.887               0              11
17      60000     3000.0        86400000              3.249               0              10
18      60000     3000.0        86400000              3.675               0              10
19      60000     3000.0        86400000              4.099               0              13
20      60000     3000.0        86400000              4.522               0              14

Probability of collision
writers  period_ms  period_var_ms  duration_ms
2        60000      3000.0         86400000        2.6
3        60000      3000.0         86400000        8.2
4        60000      3000.0         86400000       12.9
5        60000      3000.0         86400000       22.2
6        60000      3000.0         86400000       30.1
7        60000      3000.0         86400000       39.1
8        60000      3000.0         86400000       49.4
9        60000      3000.0         86400000       60.5
10       60000      3000.0         86400000       66.1
11       60000      3000.0         86400000       72.1
12       60000      3000.0         86400000       78.0
13       60000      3000.0         86400000       86.1
14       60000      3000.0         86400000       88.6
15       60000      3000.0         86400000       90.0
16       60000      3000.0         86400000       94.3
17       60000      3000.0         86400000       96.3
18       60000      3000.0         86400000       98.5
19       60000      3000.0         86400000       98.7
20       60000      3000.0         86400000       98.6

2-20 writers, 5 minute write interval, 24 hour duration
Average number of collisions
                                             avg_collisions  min_collisions  max_collisions
writers period_ms period_var_ms duration_ms
2       300000    15000.0       86400000              0.003               0               1
3       300000    15000.0       86400000              0.008               0               1
4       300000    15000.0       86400000              0.003               0               1
5       300000    15000.0       86400000              0.010               0               1
6       300000    15000.0       86400000              0.019               0               1
7       300000    15000.0       86400000              0.018               0               1
8       300000    15000.0       86400000              0.030               0               1
9       300000    15000.0       86400000              0.026               0               1
10      300000    15000.0       86400000              0.059               0               1
11      300000    15000.0       86400000              0.055               0               2
12      300000    15000.0       86400000              0.068               0               2
13      300000    15000.0       86400000              0.079               0               2
14      300000    15000.0       86400000              0.080               0               2
15      300000    15000.0       86400000              0.113               0               2
16      300000    15000.0       86400000              0.121               0               3
17      300000    15000.0       86400000              0.127               0               2
18      300000    15000.0       86400000              0.149               0               3
19      300000    15000.0       86400000              0.181               0               2
20      300000    15000.0       86400000              0.189               0               3

Probability of collision
writers  period_ms  period_var_ms  duration_ms
2        300000     15000.0        86400000        0.3
3        300000     15000.0        86400000        0.8
4        300000     15000.0        86400000        0.3
5        300000     15000.0        86400000        1.0
6        300000     15000.0        86400000        1.9
7        300000     15000.0        86400000        1.8
8        300000     15000.0        86400000        3.0
9        300000     15000.0        86400000        2.6
10       300000     15000.0        86400000        5.9
11       300000     15000.0        86400000        5.2
12       300000     15000.0        86400000        6.5
13       300000     15000.0        86400000        7.8
14       300000     15000.0        86400000        7.9
15       300000     15000.0        86400000       10.6
16       300000     15000.0        86400000       11.4
17       300000     15000.0        86400000       11.9
18       300000     15000.0        86400000       14.1
19       300000     15000.0        86400000       16.9
20       300000     15000.0        86400000       16.8

5 writers, 1-20 minute write interval, 24 hour duration
Average number of collisions
                                             avg_collisions  min_collisions  max_collisions
writers period_ms period_var_ms duration_ms
5       60000     3000.0        86400000              0.234               0               3
        120000    6000.0        86400000              0.058               0               2
        180000    9000.0        86400000              0.032               0               1
        240000    12000.0       86400000              0.010               0               1
        300000    15000.0       86400000              0.009               0               1
        360000    18000.0       86400000              0.007               0               1
        420000    21000.0       86400000              0.006               0               1
        480000    24000.0       86400000              0.005               0               1
        540000    27000.0       86400000              0.002               0               1
        600000    30000.0       86400000              0.004               0               1
        660000    33000.0       86400000              0.003               0               1
        720000    36000.0       86400000              0.004               0               1
        780000    39000.0       86400000              0.000               0               0
        840000    42000.0       86400000              0.000               0               0
        900000    45000.0       86400000              0.000               0               0
        960000    48000.0       86400000              0.000               0               0
        1020000   51000.0       86400000              0.001               0               1
        1080000   54000.0       86400000              0.000               0               0
        1140000   57000.0       86400000              0.000               0               0
        1200000   60000.0       86400000              0.000               0               0

Probability of collision
writers  period_ms  period_var_ms  duration_ms
5        60000      3000.0         86400000       20.9
         120000     6000.0         86400000        5.5
         180000     9000.0         86400000        3.2
         240000     12000.0        86400000        1.0
         300000     15000.0        86400000        0.9
         360000     18000.0        86400000        0.7
         420000     21000.0        86400000        0.6
         480000     24000.0        86400000        0.5
         540000     27000.0        86400000        0.2
         600000     30000.0        86400000        0.4
         660000     33000.0        86400000        0.3
         720000     36000.0        86400000        0.4
         780000     39000.0        86400000        0.0
         840000     42000.0        86400000        0.0
         900000     45000.0        86400000        0.0
         960000     48000.0        86400000        0.0
         1020000    51000.0        86400000        0.1
         1080000    54000.0        86400000        0.0
         1140000    57000.0        86400000        0.0
         1200000    60000.0        86400000        0.0

5 writers, 1-20 minute write interval, 7 day duration
Average number of collisions
                                             avg_collisions  min_collisions  max_collisions
writers period_ms period_var_ms duration_ms
5       60000     3000.0        604800000             1.674               0               6
        120000    6000.0        604800000             0.429               0               3
        180000    9000.0        604800000             0.204               0               3
        240000    12000.0       604800000             0.105               0               2
        300000    15000.0       604800000             0.079               0               2
        360000    18000.0       604800000             0.043               0               1
        420000    21000.0       604800000             0.031               0               1
        480000    24000.0       604800000             0.028               0               1
        540000    27000.0       604800000             0.019               0               1
        600000    30000.0       604800000             0.015               0               1
        660000    33000.0       604800000             0.012               0               1
        720000    36000.0       604800000             0.012               0               1
        780000    39000.0       604800000             0.011               0               1
        840000    42000.0       604800000             0.007               0               1
        900000    45000.0       604800000             0.008               0               1
        960000    48000.0       604800000             0.008               0               1
        1020000   51000.0       604800000             0.001               0               1
        1080000   54000.0       604800000             0.007               0               1
        1140000   57000.0       604800000             0.005               0               1
        1200000   60000.0       604800000             0.004               0               1

Probability of collision
writers  period_ms  period_var_ms  duration_ms
5        60000      3000.0         604800000      79.3
         120000     6000.0         604800000      35.6
         180000     9000.0         604800000      18.1
         240000     12000.0        604800000       9.7
         300000     15000.0        604800000       7.7
         360000     18000.0        604800000       4.3
         420000     21000.0        604800000       3.1
         480000     24000.0        604800000       2.8
         540000     27000.0        604800000       1.9
         600000     30000.0        604800000       1.5
         660000     33000.0        604800000       1.2
         720000     36000.0        604800000       1.2
         780000     39000.0        604800000       1.1
         840000     42000.0        604800000       0.7
         900000     45000.0        604800000       0.8
         960000     48000.0        604800000       0.8
         1020000    51000.0        604800000       0.1
         1080000    54000.0        604800000       0.7
         1140000    57000.0        604800000       0.5
         1200000    60000.0        604800000       0.4